10.579068826641468
10.376072030527627
9.730283098543167
9.839938674916
10.035504828198778
10.16256847889401
9.956336277078911
10.127357293729343
9.995301617476045
10.260805935292925
10.540712295224314
10.17089648049573
10.542012512448778
10.294186629593419
10.100596212385472
10.863816854042318
10.423671011228887
10.327263851104833
10.057034094181914
10.402603733014237
10.191496809812701
10.547359574244627
10.392462708498709
10.791843124301717
10.232423522395376
10.538137631302742
10.556185066122111
10.379631325732797
10.26815745125565
10.623337120615696
9.65949531146195
10.4294991162026
9.79858368697565
10.709620104903323
9.507410822969536
9.864485425399968
9.393555316789845
9.189537760647433
9.658476972122909
9.887311635594918
10.446914390105063
