422.09667477840395
634.8949990470647
643.1349271617343
617.5884003851342
586.0050941613063
667.6924505878216
590.395326002815
622.7009667349078
579.2676296525711
635.4979792297539
466.59433671507514
636.7846402129815
567.2217200775566
660.0575694978427
626.202207905571
557.4894483459243
632.979693846268
641.1484268356824
569.3008923583129
517.364717570146
656.7146025719625
605.7841737721836
595.3474966748693
623.0715784428496
711.1358981516979
655.8643876424333
685.9282665376832
720.6909974223918
733.6263241423593
695.4686863375117
625.3322904759427
722.9548611872026
624.631157368515
666.2731112313741
658.0437024663913
641.4702846005476
635.7204287785482
673.3274026266865
632.4443833103093
687.352236587055
696.3825767593293
