742.4969950740949
784.2838905083082
738.463831240831
785.450822541737
791.3966091847388
784.1018167954916
812.6539292617599
792.3360371140132
766.2182670341479
778.9487098465227
648.9192764964235
779.1969779921094
778.5281251104177
815.9055691411249
752.4083926508325
768.3038808549755
802.1492096893105
760.195434655498
841.7324408304291
745.3765999579728
781.3798258734645
780.4494731017727
837.1520233751633
917.5315126894898
885.0781188455444
796.7165260334148
870.1782613415928
858.3184012423146
852.1823493284342
844.1604061524856
724.8498802541715
916.0404936677783
816.3152678231978
830.8502853650068
855.5776395768382
797.9911578260942
820.4885006177251
876.8095481293585
844.5230099543526
879.7289160732155
872.7329140732013
