-200
474.8122252243353
535.1129554825227
415.43037213073114
393.5372984025091
540.0524303781933
276.9237852269275
383.1119455562208
447.2965867575375
196.07543580890257
-196.7857897731335
448.6612014715456
393.9297735105114
395.0274133476838
412.1162247725596
256.18833599244033
246.68699299760283
446.337872196274
248.80659025554218
-283.945979678459
460.42378394483603
395.42289776462826
270.22480083008537
134.2909188805138
541.51196925594
437.2713980770859
349.1771306431435
482.3112919919423
508.3309189331296
470.2773316308826
514.3341419516191
161.39652971780998
386.3958195368888
392.24671705073956
445.9363878571621
459.6868621959402
452.1491122063785
369.54079490300876
257.4287275056609
388.08032312264913
442.4941751920961
