4.082066659241708
5.0135583359489
102.1341583358376
97.70170156211927
35.84521393663311
8.45618764446567
68.31133809267216
136.32369148822903
107.04502084190881
237.8919780363276
301.5183046752337
269.8331682264388
177.4076218770559
346.99597854286776
138.35216953551526
207.1244779350688
174.7662872344762
178.6645417483779
111.96838422557069
183.37731687480047
135.56609228346318
75.51220009273429
71.02401518982325
52.32254388528078
37.92773358975844
122.6538763658378
132.87085840309555
75.27364823921178
73.63447318184652
148.12151090663977
383.22015404985075
141.11899179974884
338.2184386459683
266.95081616476216
329.5127748590299
344.5564172987764
277.03566650849245
202.17628737881256
231.25950985823366
223.94730518402943
182.896863215682
217.1856254171209
288.99567133038835
241.4475032678732
198.38466517935825
199.10911352129273
241.49049958755586
298.59820575180913
307.50304013039533
323.95532718248126
241.05786609916407
256.0419523714496
236.60888034394958
125.52274598918837
348.05632550205524
189.64806413437856
157.543045561014
186.91779489040354
224.28182285298982
146.2379305274424
145.77371489252548
