-182.3053432301275
559.685905975826
1092.3691523787109
34.55836937554518
-177.78003531907444
-1291.143301256955
-1118.460643232475
-409.1100118124211
334.4083589642957
-320.2328827249364
699.9238184092817
456.03697542142345
2025.6608616405604
3708.6611159996633
4189.082921973297
5817.679295532115
6159.604547580291
6752.832232178471
6564.03562301391
7143.820196716634
7592.044506407283
7108.325548285577
7146.2708022090665
6358.837420523831
6288.784827343765
5670.6353165459
2604.2280444692105
3796.8676330569315
1908.0258446329528
5123.053047212023
5851.394652837373
6386.0565840818
7026.5371712949145
4157.38347554922
-5884.387545188821
-25270.01965103346
-5943.48355825123
-6132.375397811102
-6994.919019484699
2542.7644607307716
804.1582237198616
-582.419287719995
-708.0514932213839
-649.4253878906188
-431.1478498839102
1083.09034122621
1913.2212018600258
3879.5544366594195
5772.058341690546
2463.666639785429
2555.201008062453
4180.965423850541
4593.424878948313
3783.4695382943437
3287.0261036472416
133.69495017680055
169.61606100910384
196.81489667314665
170.6535442981228
1713.8769447706131
2270.0915376642192
