-70.28309987940091
3157.3033630203527
5560.919449445511
1761.5305898364168
9.364326584228081
-161.6937005811808
-22.11693361513761
1214.379162306491
2020.579023567187
973.359254082241
2475.6928430992903
1664.6669619681652
4006.6853419422932
6160.570416887833
6706.851033721278
7029.303148458063
7419.053258594204
7681.768642061147
7132.040509316887
7669.177474834372
8657.461490514286
8040.249490100105
7695.7509200742425
7188.759047632904
7972.598994389837
7657.060660381784
7509.147606483128
7678.24376534593
7367.261912165889
7082.141579609044
7244.575404374582
8199.712501803511
8068.693613097007
7557.11309548347
5721.03950714862
180.0032741925982
236.76240397662662
490.896380344473
5262.313784612865
5585.635231910831
2560.6365145914037
-66.8042214498617
-371.61701380499744
-130.36252405104088
213.88584976069643
3363.3413696375533
3858.4954115166934
7728.52663955828
7357.575914194459
7840.037318101395
6536.121939210074
6800.755888763684
6496.369537219129
6412.447110044213
6754.505425917282
281.84363459224033
285.19858963984393
271.37320440380466
268.0202313202828
7661.687042180866
7421.967658316143
