-6.9310027753328995
-78.4726714500668
296.7401067515232
-1056.4760449168116
-93.19584635657951
-2970.1672878599593
283.2255729365461
631.0868830489823
170.6329456689312
1161.1962548238862
370.8852915318288
12498.80350320785
-240.15999441365673
14651.269197879283
1613.111273811176
-3840.1531993785575
-712.2528611236573
-143.59034025954668
435.25258874899475
2628.5458944835987
123.27682813114507
-97.79983866439188
-7988.657837877358
-2302.5963709734647
129.50653735069858
2655.559297966433
-84.31602192318176
-827.6349420859559
1061.903400876953
2724.9097683441487
1667.3835568992356
2308.2805800983506
9262.452232428142
999.9906268913255
3410.993132738219
6317.015198503937
4722.344505484784
-1899.0983104138522
3174.1450005514203
1947.2835317858203
972.4932733155817
7302.336376604618
1288.416356054172
5677.368102268459
-557.3797762635896
209.03614698451025
2860.223897316275
13265.952488259096
11905.813989480532
15122.596689465852
2659.8458088865377
3251.4352067507207
1374.176858409782
966.100748937137
2766.7525848347273
9123.567857200685
2969.365646009675
6342.120667999617
7436.949795340867
2719.7522353481604
4623.377953563982
